# /dev/cpu_dma_latency set to 0us
# Histogram
000000 000000
000001 000000
000002 000000
000003 000000
000004 011230
000005 843039
000006 113197
000007 013250
000008 002293
000009 000691
000010 000354
000011 000230
000012 000183
000013 000141
000014 000106
000015 000080
000016 000073
000017 000050
000018 000052
000019 000052
000020 000053
000021 000042
000022 000036
000023 000043
000024 000041
000025 000053
000026 000042
000027 000044
000028 000039
000029 000033
000030 000036
000031 000036
000032 000035
000033 000036
000034 000030
000035 000032
000036 000033
000037 000032
000038 000028
000039 000029
000040 000037
000041 000021
000042 000032
000043 000030
000044 000027
000045 000030
000046 000035
000047 000031
000048 000028
000049 000023
000050 000024
000051 000028
000052 000023
000053 000029
000054 000033
000055 000027
000056 000029
000057 000028
000058 000033
000059 000025
000060 000022
000061 000028
000062 000034
000063 000032
000064 000018
000065 000026
000066 000027
000067 000022
000068 000032
000069 000027
000070 000021
000071 000020
000072 000030
000073 000024
000074 000026
000075 000022
000076 000014
000077 000026
000078 000020
000079 000010
000080 000026
000081 000010
000082 000016
000083 000018
000084 000016
000085 000014
000086 000011
000087 000017
000088 000020
000089 000015
000090 000010
000091 000025
000092 000013
000093 000017
000094 000014
000095 000018
000096 000015
000097 000013
000098 000014
000099 000019
000100 000024
000101 000025
000102 000014
000103 000011
000104 000018
000105 000012
000106 000017
000107 000015
000108 000013
000109 000011
000110 000016
000111 000021
000112 000016
000113 000023
000114 000025
000115 000020
000116 000018
000117 000031
000118 000017
000119 000013
000120 000014
000121 000018
000122 000014
000123 000022
000124 000015
000125 000019
000126 000012
000127 000020
000128 000008
000129 000013
000130 000020
000131 000020
000132 000012
000133 000014
000134 000011
000135 000013
000136 000021
000137 000008
000138 000019
000139 000019
000140 000021
000141 000016
000142 000008
000143 000017
000144 000009
000145 000017
000146 000017
000147 000016
000148 000013
000149 000018
000150 000011
000151 000012
000152 000015
000153 000014
000154 000016
000155 000020
000156 000017
000157 000014
000158 000018
000159 000012
000160 000013
000161 000012
000162 000016
000163 000014
000164 000013
000165 000017
000166 000009
000167 000011
000168 000008
000169 000013
000170 000015
000171 000009
000172 000006
000173 000024
000174 000013
000175 000013
000176 000014
000177 000013
000178 000019
000179 000010
000180 000011
000181 000012
000182 000017
000183 000024
000184 000014
000185 000015
000186 000013
000187 000017
000188 000013
000189 000008
000190 000007
000191 000005
000192 000013
000193 000014
000194 000015
000195 000009
000196 000017
000197 000013
000198 000014
000199 000006
# Total: 000988641
# Min Latencies: 00004
# Avg Latencies: 00032
# Max Latencies: 12504
# Histogram Overflows: 11359
# Histogram Overflow at cycle number:
# Thread 0: 00094 00486 00487 00488 00498 00567 00568 00570 00614 00667 00668 00757 00760 00762 00831 00965 01290 01758 01759 01760 01761 02086 02154 02256 02545 02546 02731 02732 02876 02877 02939 02940 02941 02944 02983 03021 03056 0312
7 03158 03164 03444 03445 03785 03786 03787 04131 04253 04618 04863 05079 05153 05190 05282 05298 05366 05385 05740 05741 05774 05827 05828 05944 06093 06191 06297 06318 06344 06626 06918 07013 07014 07099 07100 07113 07173 07204 07406 07
707 07708 07722 08197 08315 08491 08883 09094 09095 09366 09571 09610 09663 10456 10585 10597 10851 11167 11328 11329 11445 11579 11592 11593 11594 11618 11637 11638 11639 11640 11655 11658 11690 11703 11706 11719 11722 11729 11735 11739 
11752 11761 11767 11772 11785 11823 11832 11849 11854 11871 11873 11927 12088 12204 12205 12206 12304 12305 12306 12474 12701 12998 13185 13338 13340 13341 13583 13975 14573 14759 15357 15543 16078 16079 16080 16333 16534 16711 16712 1671
3 16719 17111 17112 17318 17576 17712 17713 17714 17857 17890 18011 18012 18089 18105 18207 18285 18347 18348 18797 18807 18958 18981 18982 19252 19379 19426 19427 19589 19741 19742 19779 19780 19915 19933 19942 19943 19944 19945 20119 20
270 20271 20339 20345 # 11159 others
