# /dev/cpu_dma_latency set to 0us
# Histogram
000000 000000
000001 000000
000002 000000
000003 000000
000004 000000
000005 960404
000006 012773
000007 011158
000008 009384
000009 003016
000010 001713
000011 000829
000012 000112
000013 000073
000014 000067
000015 000040
000016 000031
000017 000019
000018 000021
000019 000009
000020 000011
000021 000012
000022 000011
000023 000009
000024 000013
000025 000008
000026 000008
000027 000005
000028 000008
000029 000008
000030 000005
000031 000011
000032 000008
000033 000008
000034 000002
000035 000005
000036 000006
000037 000006
000038 000005
000039 000008
000040 000009
000041 000008
000042 000004
000043 000002
000044 000002
000045 000005
000046 000004
000047 000004
000048 000003
000049 000004
000050 000005
000051 000002
000052 000001
000053 000004
000054 000000
000055 000003
000056 000000
000057 000002
000058 000000
000059 000002
000060 000001
000061 000000
000062 000001
000063 000001
000064 000001
000065 000000
000066 000000
000067 000002
000068 000000
000069 000001
000070 000004
000071 000002
000072 000001
000073 000002
000074 000001
000075 000000
000076 000001
000077 000001
000078 000000
000079 000002
000080 000000
000081 000002
000082 000000
000083 000002
000084 000000
000085 000001
000086 000000
000087 000000
000088 000000
000089 000000
000090 000001
000091 000000
000092 000001
000093 000002
000094 000000
000095 000001
000096 000000
000097 000000
000098 000002
000099 000001
000100 000000
000101 000003
000102 000000
000103 000000
000104 000000
000105 000000
000106 000000
000107 000000
000108 000000
000109 000001
000110 000000
000111 000000
000112 000000
000113 000000
000114 000002
000115 000001
000116 000002
000117 000002
000118 000000
000119 000000
000120 000000
000121 000000
000122 000001
000123 000000
000124 000002
000125 000000
000126 000000
000127 000000
000128 000000
000129 000001
000130 000002
000131 000001
000132 000000
000133 000000
000134 000000
000135 000000
000136 000000
000137 000000
000138 000001
000139 000000
000140 000000
000141 000001
000142 000000
000143 000000
000144 000000
000145 000000
000146 000000
000147 000000
000148 000000
000149 000001
000150 000001
000151 000000
000152 000000
000153 000000
000154 000000
000155 000000
000156 000000
000157 000000
000158 000000
000159 000000
000160 000000
000161 000001
000162 000000
000163 000000
000164 000000
000165 000000
000166 000001
000167 000000
000168 000000
000169 000000
000170 000000
000171 000001
000172 000001
000173 000000
000174 000000
000175 000000
000176 000001
000177 000000
000178 000000
000179 000001
000180 000000
000181 000000
000182 000000
000183 000001
000184 000000
000185 000001
000186 000000
000187 000001
000188 000000
000189 000000
000190 000000
000191 000000
000192 000000
000193 000000
000194 000000
000195 000001
000196 000000
000197 000000
000198 000001
000199 000001
# Total: 000999938
# Min Latencies: 00005
# Avg Latencies: 00005
# Max Latencies: 05389
# Histogram Overflows: 00062
# Histogram Overflow at cycle number:
# Thread 0: 00016 02081 25734 26401 66411 68828 68870 78732 127161 128236 135009 205738 325728 358525 374988 397172 426561 426562 445730 576340 576402 576419 578180 578181 578347 578381 578496 578497 578511 578539 580142 580145 580146 584195 585337 585721 586692 586935 586955 587699 592711 685709 697154 722791 726542 726543 726643 854969 906384 971335 971359 971402 973649 973654 973656 973661 973662 973689 973791 973792 973793 983703

